0.000002188777 0.000005628188 0.000012950324 0.000026664766 0.000049129230 0.000081000407 0.000119503190 0.000157767249 0.000186379983 0.000197027451 0.000186379983 0.000157767249 0.000119503190 0.000081000407 0.000049129230 0.000026664766 0.000012950324 0.000005628188 0.000002188777
0.000005628188 0.000014472235 0.000033300263 0.000068565364 0.000126330137 0.000208283185 0.000307288642 0.000405680249 0.000479254587 0.000506633320 0.000479254587 0.000405680249 0.000307288642 0.000208283185 0.000126330137 0.000068565364 0.000033300263 0.000014472235 0.000005628188
0.000012950324 0.000033300263 0.000076623102 0.000157767249 0.000290682601 0.000479254587 0.000707063757 0.000933460473 0.001102753250 0.001165751056 0.001102753250 0.000933460473 0.000707063757 0.000479254587 0.000290682601 0.000157767249 0.000076623102 0.000033300263 0.000012950324
0.000026664766 0.000068565364 0.000157767249 0.000324843349 0.000598516549 0.000986786964 0.001455846888 0.001921998562 0.002270573015 0.002400285730 0.002270573015 0.001921998562 0.001455846888 0.000986786964 0.000598516549 0.000324843349 0.000157767249 0.000068565364 0.000026664766
0.000049129230 0.000126330137 0.000290682601 0.000598516549 0.001102753250 0.001818132739 0.002682365074 0.003541239027 0.004183479599 0.004422472353 0.004183479599 0.003541239027 0.002682365074 0.001818132739 0.001102753250 0.000598516549 0.000290682601 0.000126330137 0.000049129230
0.000081000407 0.000208283185 0.000479254587 0.000986786964 0.001818132739 0.002997594120 0.004422472353 0.005838516108 0.006897391800 0.007291424238 0.006897391800 0.005838516108 0.004422472353 0.002997594120 0.001818132739 0.000986786964 0.000479254587 0.000208283185 0.000081000407
0.000119503190 0.000307288642 0.000707063757 0.001455846888 0.002682365074 0.004422472353 0.006524653084 0.008613799948 0.010176002263 0.010757334323 0.010176002263 0.008613799948 0.006524653084 0.004422472353 0.002682365074 0.001455846888 0.000707063757 0.000307288642 0.000119503190
0.000157767249 0.000405680249 0.000933460473 0.001921998562 0.003541239027 0.005838516108 0.008613799948 0.011371876573 0.013434284803 0.014201755196 0.013434284803 0.011371876573 0.008613799948 0.005838516108 0.003541239027 0.001921998562 0.000933460473 0.000405680249 0.000157767249
0.000186379983 0.000479254587 0.001102753250 0.002270573015 0.004183479599 0.006897391800 0.010176002263 0.013434284803 0.015870732241 0.016777391382 0.015870732241 0.013434284803 0.010176002263 0.006897391800 0.004183479599 0.002270573015 0.001102753250 0.000479254587 0.000186379983
0.000197027451 0.000506633320 0.001165751056 0.002400285730 0.004422472353 0.007291424238 0.010757334323 0.014201755196 0.016777391382 0.017735845915 0.016777391382 0.014201755196 0.010757334323 0.007291424238 0.004422472353 0.002400285730 0.001165751056 0.000506633320 0.000197027451
0.000186379983 0.000479254587 0.001102753250 0.002270573015 0.004183479599 0.006897391800 0.010176002263 0.013434284803 0.015870732241 0.016777391382 0.015870732241 0.013434284803 0.010176002263 0.006897391800 0.004183479599 0.002270573015 0.001102753250 0.000479254587 0.000186379983
0.000157767249 0.000405680249 0.000933460473 0.001921998562 0.003541239027 0.005838516108 0.008613799948 0.011371876573 0.013434284803 0.014201755196 0.013434284803 0.011371876573 0.008613799948 0.005838516108 0.003541239027 0.001921998562 0.000933460473 0.000405680249 0.000157767249
0.000119503190 0.000307288642 0.000707063757 0.001455846888 0.002682365074 0.004422472353 0.006524653084 0.008613799948 0.010176002263 0.010757334323 0.010176002263 0.008613799948 0.006524653084 0.004422472353 0.002682365074 0.001455846888 0.000707063757 0.000307288642 0.000119503190
0.000081000407 0.000208283185 0.000479254587 0.000986786964 0.001818132739 0.002997594120 0.004422472353 0.005838516108 0.006897391800 0.007291424238 0.006897391800 0.005838516108 0.004422472353 0.002997594120 0.001818132739 0.000986786964 0.000479254587 0.000208283185 0.000081000407
0.000049129230 0.000126330137 0.000290682601 0.000598516549 0.001102753250 0.001818132739 0.002682365074 0.003541239027 0.004183479599 0.004422472353 0.004183479599 0.003541239027 0.002682365074 0.001818132739 0.001102753250 0.000598516549 0.000290682601 0.000126330137 0.000049129230
0.000026664766 0.000068565364 0.000157767249 0.000324843349 0.000598516549 0.000986786964 0.001455846888 0.001921998562 0.002270573015 0.002400285730 0.002270573015 0.001921998562 0.001455846888 0.000986786964 0.000598516549 0.000324843349 0.000157767249 0.000068565364 0.000026664766
0.000012950324 0.000033300263 0.000076623102 0.000157767249 0.000290682601 0.000479254587 0.000707063757 0.000933460473 0.001102753250 0.001165751056 0.001102753250 0.000933460473 0.000707063757 0.000479254587 0.000290682601 0.000157767249 0.000076623102 0.000033300263 0.000012950324
0.000005628188 0.000014472235 0.000033300263 0.000068565364 0.000126330137 0.000208283185 0.000307288642 0.000405680249 0.000479254587 0.000506633320 0.000479254587 0.000405680249 0.000307288642 0.000208283185 0.000126330137 0.000068565364 0.000033300263 0.000014472235 0.000005628188
0.000002188777 0.000005628188 0.000012950324 0.000026664766 0.000049129230 0.000081000407 0.000119503190 0.000157767249 0.000186379983 0.000197027451 0.000186379983 0.000157767249 0.000119503190 0.000081000407 0.000049129230 0.000026664766 0.000012950324 0.000005628188 0.000002188777
