0.000004920393 0.000019460531 0.000059942656 0.000143794957 0.000268644347 0.000390875219 0.000442919649 0.000390875219 0.000268644347 0.000143794957 0.000059942656 0.000019460531 0.000004920393
0.000019460531 0.000076967894 0.000237077804 0.000568720087 0.001062509004 0.001545941478 0.001751781195 0.001545941478 0.001062509004 0.000568720087 0.000237077804 0.000076967894 0.000019460531
0.000059942656 0.000237077804 0.000730251047 0.001751781195 0.003272758135 0.004761834989 0.005395865951 0.004761834989 0.003272758135 0.001751781195 0.000730251047 0.000237077804 0.000059942656
0.000143794957 0.000568720087 0.001751781195 0.004202304628 0.007850938634 0.011423048309 0.012944009520 0.011423048309 0.007850938634 0.004202304628 0.001751781195 0.000568720087 0.000143794957
0.000268644347 0.001062509004 0.003272758135 0.007850938634 0.014667484364 0.021341063824 0.024182593459 0.021341063824 0.014667484364 0.007850938634 0.003272758135 0.001062509004 0.000268644347
0.000390875219 0.001545941478 0.004761834989 0.011423048309 0.021341063824 0.031051064643 0.035185465866 0.031051064643 0.021341063824 0.011423048309 0.004761834989 0.001545941478 0.000390875219
0.000442919649 0.001751781195 0.005395865951 0.012944009520 0.024182593459 0.035185465866 0.039870356217 0.035185465866 0.024182593459 0.012944009520 0.005395865951 0.001751781195 0.000442919649
0.000390875219 0.001545941478 0.004761834989 0.011423048309 0.021341063824 0.031051064643 0.035185465866 0.031051064643 0.021341063824 0.011423048309 0.004761834989 0.001545941478 0.000390875219
0.000268644347 0.001062509004 0.003272758135 0.007850938634 0.014667484364 0.021341063824 0.024182593459 0.021341063824 0.014667484364 0.007850938634 0.003272758135 0.001062509004 0.000268644347
0.000143794957 0.000568720087 0.001751781195 0.004202304628 0.007850938634 0.011423048309 0.012944009520 0.011423048309 0.007850938634 0.004202304628 0.001751781195 0.000568720087 0.000143794957
0.000059942656 0.000237077804 0.000730251047 0.001751781195 0.003272758135 0.004761834989 0.005395865951 0.004761834989 0.003272758135 0.001751781195 0.000730251047 0.000237077804 0.000059942656
0.000019460531 0.000076967894 0.000237077804 0.000568720087 0.001062509004 0.001545941478 0.001751781195 0.001545941478 0.001062509004 0.000568720087 0.000237077804 0.000076967894 0.000019460531
0.000004920393 0.000019460531 0.000059942656 0.000143794957 0.000268644347 0.000390875219 0.000442919649 0.000390875219 0.000268644347 0.000143794957 0.000059942656 0.000019460531 0.000004920393
