0.000000788648 0.000001408555 0.000002417091 0.000003985109 0.000006312708 0.000009607699 0.000014049189 0.000019738375 0.000026644019 0.000034555430 0.000043058717 0.000051550644 0.000059297355 0.000065533713 0.000069586091 0.000070991823 0.000069586091 0.000065533713 0.000059297355 0.000051550644 0.000043058717 0.000034555430 0.000026644019 0.000019738375 0.000014049189 0.000009607699 0.000006312708 0.000003985109 0.000002417091 0.000001408555 0.000000788648
0.000001408555 0.000002515734 0.000004317017 0.000007117558 0.000011274739 0.000017159719 0.000025092392 0.000035253496 0.000047587242 0.000061717326 0.000076904524 0.000092071432 0.000105907355 0.000117045729 0.000124283433 0.000126794125 0.000124283433 0.000117045729 0.000105907355 0.000092071432 0.000076904524 0.000061717326 0.000047587242 0.000035253496 0.000025092392 0.000017159719 0.000011274739 0.000007117558 0.000004317017 0.000002515734 0.000001408555
0.000002417091 0.000004317017 0.000007408031 0.000012213779 0.000019347529 0.000029446195 0.000043058717 0.000060495241 0.000081660034 0.000105907355 0.000131968691 0.000157995208 0.000181737749 0.000200851274 0.000213271224 0.000217579588 0.000213271224 0.000200851274 0.000181737749 0.000157995208 0.000131968691 0.000105907355 0.000081660034 0.000060495241 0.000043058717 0.000029446195 0.000019347529 0.000012213779 0.000007408031 0.000004317017 0.000002417091
0.000003985109 0.000007117558 0.000012213779 0.000020137117 0.000031898682 0.000048548568 0.000070991823 0.000099739791 0.000134634636 0.000174611710 0.000217579588 0.000260490061 0.000299634892 0.000331147768 0.000351624803 0.000358728095 0.000351624803 0.000331147768 0.000299634892 0.000260490061 0.000217579588 0.000174611710 0.000134634636 0.000099739791 0.000070991823 0.000048548568 0.000031898682 0.000020137117 0.000012213779 0.000007117558 0.000003985109
0.000006312708 0.000011274739 0.000019347529 0.000031898682 0.000050529873 0.000076904524 0.000112456300 0.000157995208 0.000213271224 0.000276597867 0.000344662165 0.000412635529 0.000474643837 0.000524562565 0.000556999703 0.000568251843 0.000556999703 0.000524562565 0.000474643837 0.000412635529 0.000344662165 0.000276597867 0.000213271224 0.000157995208 0.000112456300 0.000076904524 0.000050529873 0.000031898682 0.000019347529 0.000011274739 0.000006312708
0.000009607699 0.000017159719 0.000029446195 0.000048548568 0.000076904524 0.000117045729 0.000171154166 0.000240462633 0.000324590603 0.000420971319 0.000524562565 0.000628015411 0.000722389673 0.000798364058 0.000847732134 0.000864857459 0.000847732134 0.000798364058 0.000722389673 0.000628015411 0.000524562565 0.000420971319 0.000324590603 0.000240462633 0.000171154166 0.000117045729 0.000076904524 0.000048548568 0.000029446195 0.000017159719 0.000009607699
0.000014049189 0.000025092392 0.000043058717 0.000070991823 0.000112456300 0.000171154166 0.000250276099 0.000351624803 0.000474643837 0.000615579873 0.000767059755 0.000918337258 0.001056339286 0.001167435458 0.001239625635 0.001264667734 0.001239625635 0.001167435458 0.001056339286 0.000918337258 0.000767059755 0.000615579873 0.000474643837 0.000351624803 0.000250276099 0.000171154166 0.000112456300 0.000070991823 0.000043058717 0.000025092392 0.000014049189
0.000019738375 0.000035253496 0.000060495241 0.000099739791 0.000157995208 0.000240462633 0.000351624803 0.000494014420 0.000666849715 0.000864857459 0.001077678755 0.001290215717 0.001484101334 0.001640185634 0.001741609050 0.001776791886 0.001741609050 0.001640185634 0.001484101334 0.001290215717 0.001077678755 0.000864857459 0.000666849715 0.000494014420 0.000351624803 0.000240462633 0.000157995208 0.000099739791 0.000060495241 0.000035253496 0.000019738375
0.000026644019 0.000047587242 0.000081660034 0.000134634636 0.000213271224 0.000324590603 0.000474643837 0.000666849715 0.000900152961 0.001167435458 0.001454714159 0.001741609050 0.002003327258 0.002214019025 0.002350926315 0.002398418177 0.002350926315 0.002214019025 0.002003327258 0.001741609050 0.001454714159 0.001167435458 0.000900152961 0.000666849715 0.000474643837 0.000324590603 0.000213271224 0.000134634636 0.000081660034 0.000047587242 0.000026644019
0.000034555430 0.000061717326 0.000105907355 0.000174611710 0.000276597867 0.000420971319 0.000615579873 0.000864857459 0.001167435458 0.001514082170 0.001886662560 0.002258745176 0.002598175394 0.002871427885 0.003048987069 0.003110580694 0.003048987069 0.002871427885 0.002598175394 0.002258745176 0.001886662560 0.001514082170 0.001167435458 0.000864857459 0.000615579873 0.000420971319 0.000276597867 0.000174611710 0.000105907355 0.000061717326 0.000034555430
0.000043058717 0.000076904524 0.000131968691 0.000217579588 0.000344662165 0.000524562565 0.000767059755 0.001077678755 0.001454714159 0.001886662560 0.002350926315 0.002814569804 0.003237525900 0.003578019472 0.003799271839 0.003876022221 0.003799271839 0.003578019472 0.003237525900 0.002814569804 0.002350926315 0.001886662560 0.001454714159 0.001077678755 0.000767059755 0.000524562565 0.000344662165 0.000217579588 0.000131968691 0.000076904524 0.000043058717
0.000051550644 0.000092071432 0.000157995208 0.000260490061 0.000412635529 0.000628015411 0.000918337258 0.001290215717 0.001741609050 0.002258745176 0.002814569804 0.003369651839 0.003876022221 0.004283667037 0.004548554213 0.004640441103 0.004548554213 0.004283667037 0.003876022221 0.003369651839 0.002814569804 0.002258745176 0.001741609050 0.001290215717 0.000918337258 0.000628015411 0.000412635529 0.000260490061 0.000157995208 0.000092071432 0.000051550644
0.000059297355 0.000105907355 0.000181737749 0.000299634892 0.000474643837 0.000722389673 0.001056339286 0.001484101334 0.002003327258 0.002598175394 0.003237525900 0.003876022221 0.004458486805 0.004927389956 0.005232082734 0.005337777816 0.005232082734 0.004927389956 0.004458486805 0.003876022221 0.003237525900 0.002598175394 0.002003327258 0.001484101334 0.001056339286 0.000722389673 0.000474643837 0.000299634892 0.000181737749 0.000105907355 0.000059297355
0.000065533713 0.000117045729 0.000200851274 0.000331147768 0.000524562565 0.000798364058 0.001167435458 0.001640185634 0.002214019025 0.002871427885 0.003578019472 0.004283667037 0.004927389956 0.005445608081 0.005782345678 0.005899156810 0.005782345678 0.005445608081 0.004927389956 0.004283667037 0.003578019472 0.002871427885 0.002214019025 0.001640185634 0.001167435458 0.000798364058 0.000524562565 0.000331147768 0.000200851274 0.000117045729 0.000065533713
0.000069586091 0.000124283433 0.000213271224 0.000351624803 0.000556999703 0.000847732134 0.001239625635 0.001741609050 0.002350926315 0.003048987069 0.003799271839 0.004548554213 0.005232082734 0.005782345678 0.006139905966 0.006263940294 0.006139905966 0.005782345678 0.005232082734 0.004548554213 0.003799271839 0.003048987069 0.002350926315 0.001741609050 0.001239625635 0.000847732134 0.000556999703 0.000351624803 0.000213271224 0.000124283433 0.000069586091
0.000070991823 0.000126794125 0.000217579588 0.000358728095 0.000568251843 0.000864857459 0.001264667734 0.001776791886 0.002398418177 0.003110580694 0.003876022221 0.004640441103 0.005337777816 0.005899156810 0.006263940294 0.006390480282 0.006263940294 0.005899156810 0.005337777816 0.004640441103 0.003876022221 0.003110580694 0.002398418177 0.001776791886 0.001264667734 0.000864857459 0.000568251843 0.000358728095 0.000217579588 0.000126794125 0.000070991823
0.000069586091 0.000124283433 0.000213271224 0.000351624803 0.000556999703 0.000847732134 0.001239625635 0.001741609050 0.002350926315 0.003048987069 0.003799271839 0.004548554213 0.005232082734 0.005782345678 0.006139905966 0.006263940294 0.006139905966 0.005782345678 0.005232082734 0.004548554213 0.003799271839 0.003048987069 0.002350926315 0.001741609050 0.001239625635 0.000847732134 0.000556999703 0.000351624803 0.000213271224 0.000124283433 0.000069586091
0.000065533713 0.000117045729 0.000200851274 0.000331147768 0.000524562565 0.000798364058 0.001167435458 0.001640185634 0.002214019025 0.002871427885 0.003578019472 0.004283667037 0.004927389956 0.005445608081 0.005782345678 0.005899156810 0.005782345678 0.005445608081 0.004927389956 0.004283667037 0.003578019472 0.002871427885 0.002214019025 0.001640185634 0.001167435458 0.000798364058 0.000524562565 0.000331147768 0.000200851274 0.000117045729 0.000065533713
0.000059297355 0.000105907355 0.000181737749 0.000299634892 0.000474643837 0.000722389673 0.001056339286 0.001484101334 0.002003327258 0.002598175394 0.003237525900 0.003876022221 0.004458486805 0.004927389956 0.005232082734 0.005337777816 0.005232082734 0.004927389956 0.004458486805 0.003876022221 0.003237525900 0.002598175394 0.002003327258 0.001484101334 0.001056339286 0.000722389673 0.000474643837 0.000299634892 0.000181737749 0.000105907355 0.000059297355
0.000051550644 0.000092071432 0.000157995208 0.000260490061 0.000412635529 0.000628015411 0.000918337258 0.001290215717 0.001741609050 0.002258745176 0.002814569804 0.003369651839 0.003876022221 0.004283667037 0.004548554213 0.004640441103 0.004548554213 0.004283667037 0.003876022221 0.003369651839 0.002814569804 0.002258745176 0.001741609050 0.001290215717 0.000918337258 0.000628015411 0.000412635529 0.000260490061 0.000157995208 0.000092071432 0.000051550644
0.000043058717 0.000076904524 0.000131968691 0.000217579588 0.000344662165 0.000524562565 0.000767059755 0.001077678755 0.001454714159 0.001886662560 0.002350926315 0.002814569804 0.003237525900 0.003578019472 0.003799271839 0.003876022221 0.003799271839 0.003578019472 0.003237525900 0.002814569804 0.002350926315 0.001886662560 0.001454714159 0.001077678755 0.000767059755 0.000524562565 0.000344662165 0.000217579588 0.000131968691 0.000076904524 0.000043058717
0.000034555430 0.000061717326 0.000105907355 0.000174611710 0.000276597867 0.000420971319 0.000615579873 0.000864857459 0.001167435458 0.001514082170 0.001886662560 0.002258745176 0.002598175394 0.002871427885 0.003048987069 0.003110580694 0.003048987069 0.002871427885 0.002598175394 0.002258745176 0.001886662560 0.001514082170 0.001167435458 0.000864857459 0.000615579873 0.000420971319 0.000276597867 0.000174611710 0.000105907355 0.000061717326 0.000034555430
0.000026644019 0.000047587242 0.000081660034 0.000134634636 0.000213271224 0.000324590603 0.000474643837 0.000666849715 0.000900152961 0.001167435458 0.001454714159 0.001741609050 0.002003327258 0.002214019025 0.002350926315 0.002398418177 0.002350926315 0.002214019025 0.002003327258 0.001741609050 0.001454714159 0.001167435458 0.000900152961 0.000666849715 0.000474643837 0.000324590603 0.000213271224 0.000134634636 0.000081660034 0.000047587242 0.000026644019
0.000019738375 0.000035253496 0.000060495241 0.000099739791 0.000157995208 0.000240462633 0.000351624803 0.000494014420 0.000666849715 0.000864857459 0.001077678755 0.001290215717 0.001484101334 0.001640185634 0.001741609050 0.001776791886 0.001741609050 0.001640185634 0.001484101334 0.001290215717 0.001077678755 0.000864857459 0.000666849715 0.000494014420 0.000351624803 0.000240462633 0.000157995208 0.000099739791 0.000060495241 0.000035253496 0.000019738375
0.000014049189 0.000025092392 0.000043058717 0.000070991823 0.000112456300 0.000171154166 0.000250276099 0.000351624803 0.000474643837 0.000615579873 0.000767059755 0.000918337258 0.001056339286 0.001167435458 0.001239625635 0.001264667734 0.001239625635 0.001167435458 0.001056339286 0.000918337258 0.000767059755 0.000615579873 0.000474643837 0.000351624803 0.000250276099 0.000171154166 0.000112456300 0.000070991823 0.000043058717 0.000025092392 0.000014049189
0.000009607699 0.000017159719 0.000029446195 0.000048548568 0.000076904524 0.000117045729 0.000171154166 0.000240462633 0.000324590603 0.000420971319 0.000524562565 0.000628015411 0.000722389673 0.000798364058 0.000847732134 0.000864857459 0.000847732134 0.000798364058 0.000722389673 0.000628015411 0.000524562565 0.000420971319 0.000324590603 0.000240462633 0.000171154166 0.000117045729 0.000076904524 0.000048548568 0.000029446195 0.000017159719 0.000009607699
0.000006312708 0.000011274739 0.000019347529 0.000031898682 0.000050529873 0.000076904524 0.000112456300 0.000157995208 0.000213271224 0.000276597867 0.000344662165 0.000412635529 0.000474643837 0.000524562565 0.000556999703 0.000568251843 0.000556999703 0.000524562565 0.000474643837 0.000412635529 0.000344662165 0.000276597867 0.000213271224 0.000157995208 0.000112456300 0.000076904524 0.000050529873 0.000031898682 0.000019347529 0.000011274739 0.000006312708
0.000003985109 0.000007117558 0.000012213779 0.000020137117 0.000031898682 0.000048548568 0.000070991823 0.000099739791 0.000134634636 0.000174611710 0.000217579588 0.000260490061 0.000299634892 0.000331147768 0.000351624803 0.000358728095 0.000351624803 0.000331147768 0.000299634892 0.000260490061 0.000217579588 0.000174611710 0.000134634636 0.000099739791 0.000070991823 0.000048548568 0.000031898682 0.000020137117 0.000012213779 0.000007117558 0.000003985109
0.000002417091 0.000004317017 0.000007408031 0.000012213779 0.000019347529 0.000029446195 0.000043058717 0.000060495241 0.000081660034 0.000105907355 0.000131968691 0.000157995208 0.000181737749 0.000200851274 0.000213271224 0.000217579588 0.000213271224 0.000200851274 0.000181737749 0.000157995208 0.000131968691 0.000105907355 0.000081660034 0.000060495241 0.000043058717 0.000029446195 0.000019347529 0.000012213779 0.000007408031 0.000004317017 0.000002417091
0.000001408555 0.000002515734 0.000004317017 0.000007117558 0.000011274739 0.000017159719 0.000025092392 0.000035253496 0.000047587242 0.000061717326 0.000076904524 0.000092071432 0.000105907355 0.000117045729 0.000124283433 0.000126794125 0.000124283433 0.000117045729 0.000105907355 0.000092071432 0.000076904524 0.000061717326 0.000047587242 0.000035253496 0.000025092392 0.000017159719 0.000011274739 0.000007117558 0.000004317017 0.000002515734 0.000001408555
0.000000788648 0.000001408555 0.000002417091 0.000003985109 0.000006312708 0.000009607699 0.000014049189 0.000019738375 0.000026644019 0.000034555430 0.000043058717 0.000051550644 0.000059297355 0.000065533713 0.000069586091 0.000070991823 0.000069586091 0.000065533713 0.000059297355 0.000051550644 0.000043058717 0.000034555430 0.000026644019 0.000019738375 0.000014049189 0.000009607699 0.000006312708 0.000003985109 0.000002417091 0.000001408555 0.000000788648
